# id	M200c	r200c	M500c	r500c	x	y	z
0	1535789976518656.0	2432.72216796875	1155069043015680.0	1630.108154296875	43718.8125	48813.640625	147594.953125
1	1307340129173504.0	2305.65966796875	964268006572032.0	1534.8707275390625	81856.5078125	121018.3203125	194532.6875
2	1033314370584576.0	2131.685302734375	703479337189376.0	1381.759033203125	119228.15625	67811.4921875	196039.390625
3	899670222045184.0	2035.5552978515625	631160879185920.0	1332.6409912109375	86512.828125	81893.5625	52624.5546875
4	841819696922624.0	1990.9473876953125	599063716167680.0	1309.6837158203125	134485.390625	36361.37890625	35270.6171875
5	733527398154240.0	1901.6170654296875	391693769637888.0	1136.7021484375	46909.2734375	73091.875	143122.296875
6	459285179924480.0	1626.8896484375	303051516674048.0	1043.526611328125	172315.078125	111833.109375	163072.765625
7	581220677189632.0	1759.701904296875	378314778738688.0	1123.628662109375	197691.921875	112083.5234375	198472.453125
8	398251614273536.0	1551.316162109375	295166325817344.0	1034.408447265625	48910.67578125	189379.3125	98636.609375
9	641211639529472.0	1818.2120361328125	472402010046464.0	1210.00634765625	59176.6640625	8106.17578125	100355.09375
10	635853466501120.0	1813.20458984375	452465275174912.0	1192.7452392578125	40907.8203125	98524.265625	113316.53125
11	547336941993984.0	1724.8128662109375	416677460180992.0	1160.430908203125	203614.5	109663.9921875	194446.859375
12	655181557530624.0	1831.341552734375	389311203639296.0	1134.4405517578125	164437.5	168005.5625	61120.0390625
13	553877338324992.0	1731.59033203125	393852661792768.0	1138.82275390625	204287.328125	105547.0625	191478.828125
14	437283203317760.0	1600.448486328125	328543120654336.0	1072.0074462890625	100361.828125	23873.85546875	137372.609375
15	497315974479872.0	1670.5953369140625	348269804781568.0	1093.0928955078125	94123.1171875	103107.9375	81124.4609375
16	379204239622144.0	1526.2227783203125	211619263021056.0	925.8201904296875	158961.078125	123934.7109375	165212.734375
17	416661488271360.0	1574.8843994140625	284421928255488.0	1021.7088012695312	170512.390625	175707.203125	103725.2734375
18	407155215695872.0	1562.824951171875	266184104607744.0	999.4027709960938	20199.845703125	175134.203125	14404.4169921875
19	467371865145344.0	1636.29541015625	358634097737728.0	1103.83203125	189338.09375	105315.5	166653.796875
20	431286791438336.0	1593.1234130859375	279089357258752.0	1015.302001953125	72004.984375	42914.2421875	157770.21875
21	382146090893312.0	1530.158203125	260869854330880.0	992.7139282226562	83617.4140625	142454.671875	153858.734375
22	360359567294464.0	1500.4893798828125	231164400893952.0	953.4678344726562	156436.609375	30458.3359375	89037.375
23	392225506721792.0	1543.46142578125	251625943859200.0	980.8211059570312	9424.24609375	119345.875	194517.09375
24	367364893835264.0	1510.139404296875	216945358012416.0	933.511474609375	146191.1875	59500.671875	140923.765625
25	219906721185792.0	1272.726806640625	154322604130304.0	833.3455810546875	46916.35546875	44126.9375	154302.390625
26	278377265102848.0	1376.7857666015625	184965434179584.0	885.189697265625	52858.70703125	180630.03125	100616.7265625
27	456104488206336.0	1623.113525390625	333836969836544.0	1077.7752685546875	94124.5625	31293.876953125	12286.369140625
28	471019466784768.0	1640.6192626953125	358630540967936.0	1103.8212890625	19089.8125	181914.90625	56396.2421875
29	212362409803776.0	1258.00341796875	158968869552128.0	841.6281127929688	85372.3046875	192175.515625	66465.15625
30	389327343321088.0	1539.6312255859375	259752021983232.0	991.28466796875	46616.35546875	55904.0859375	143668.609375
31	390177377746944.0	1540.83203125	268327024852992.0	1002.062744140625	156829.765625	97395.875	178941.734375
32	390393736724480.0	1541.0301513671875	278599395442688.0	1014.6825561523438	116814.9921875	64947.21484375	34663.375
33	369590794190848.0	1513.142822265625	298622365204480.0	1038.47314453125	34662.1640625	79072.5234375	146037.0
34	367825831067648.0	1510.748291015625	208741467160576.0	921.6151733398438	34440.7890625	41365.4609375	140398.4375
35	381228075188224.0	1528.944580078125	273251523624960.0	1008.1378784179688	51936.15625	51077.625	59491.34765625
36	374207984697344.0	1519.4600830078125	279888204398592.0	1016.26708984375	36381.8984375	44075.4296875	140399.96875
37	197666877210624.0	1228.2939453125	124527812018176.0	775.83642578125	141951.8125	85665.2890625	62745.625
38	128062117117952.0	1062.806396484375	92450261565440.0	702.4968872070312	95643.5625	195193.453125	136494.140625
39	334133456797696.0	1463.1719970703125	234591348588544.0	958.1798706054688	76657.7265625	144459.453125	104567.71875
40	235068089958400.0	1301.3050537109375	151707019378688.0	828.5968627929688	10153.4248046	7259.302734375	125544.6953125
41	357260815499264.0	1496.171875	182748224421888.0	881.6610107421875	33476.59375	90609.015625	85614.96875
42	198878729076736.0	1230.772216796875	146043400355840.0	818.1791381835938	110213.1328125	144195.625	201093.109375
43	343380722712576.0	1476.5484619140625	263668780498944.0	996.2138061523438	44354.41796875	89083.484375	83924.3515625
44	332506201063424.0	1460.759765625	233200970366976.0	956.30078125	171087.234375	30875.896484375	157500.625
45	305942902079488.0	1420.81982421875	190202928693248.0	893.4742431640625	83247.71875	35559.90234375	14700.3828125
46	176415714574336.0	1182.5810546875	122857514336256.0	772.3643798828125	167863.78125	182064.25	35294.30859375
47	183143579516928.0	1197.4163818359375	114926110638080.0	755.350830078125	128947.171875	41772.9765625	37307.47265625
48	324151516594176.0	1448.447265625	245274928742400.0	972.5005493164062	55978.16015625	49242.76953125	3210.376220703125
49	324038740148224.0	1448.276611328125	232192508690432.0	954.8838500976562	196115.140625	150869.046875	185455.828125
50	338210588721152.0	1469.1153564453125	229017118572544.0	950.5061645507812	158597.921875	102958.1171875	46915.43359375
51	316146536415232.0	1436.4351806640625	213235512901632.0	928.1975708007812	54637.5390625	141321.828125	81528.6015625
52	275655178584064.0	1372.2662353515625	156244367114240.0	836.7750854492188	3075.4645996	96190.7265625	186318.125
53	184230525009920.0	1199.7969970703125	120506623721472.0	767.3933715820312	27632.716796875	53806.53515625	187199.234375
54	314248664186880.0	1433.566650390625	235061848834048.0	958.7941284179688	18556.744140625	142322.34375	99867.546875
55	242969403719680.0	1315.7403564453125	142242337521664.0	810.9822387695312	83479.4140625	18212.1484375	143792.890625
56	296168328265728.0	1405.4901123046875	219863335305216.0	937.6827392578125	104653.359375	88591.9765625	106448.765625
57	301115828600832.0	1413.30712890625	212932096950272.0	927.7496948242188	100474.8046875	1191.058227539	34754.50390625
58	279208861368320.0	1378.140380859375	215185629380608.0	931.0103149414062	50534.9609375	34507.94921875	172736.34375
59	213580418908160.0	1260.42431640625	136379312898048.0	799.7081298828125	48669.33984375	53984.0390625	62114.90234375
60	290497797029888.0	1396.4622802734375	208384146014208.0	921.0819702148438	165015.484375	91068.859375	6079.63720703125
61	255725188153344.0	1338.4049072265625	143954586632192.0	814.2174682617188	151193.015625	19912.205078125	76366.1796875
62	174374598475776.0	1178.017578125	97642835083264.0	715.4142456054688	2908.3610839843	6838.528808593	41701.47265625
63	282241997471744.0	1383.081787109375	184857456017408.0	885.01904296875	143189.375	20083.201171875	143606.125
64	279798244966400.0	1379.1658935546875	199012711923712.0	907.0476684570312	54489.3046875	187976.34375	66857.71875
65	227894857039872.0	1287.95068359375	138037799419904.0	802.9322509765625	20667.572265625	103816.9296875	185520.40625
66	243409721753600.0	1316.55859375	160734034001920.0	844.7026977539062	25034.451171875	101893.96875	141322.0625
67	278848855867392.0	1377.5916748046875	210591121670144.0	924.3168334960938	149258.1875	179401.140625	86810.4609375
68	276792942264320.0	1374.1556396484375	204376438210560.0	915.1489868164062	63857.20703125	46401.60546875	29458.9296875
69	269337868894208.0	1361.75048828125	200944172138496.0	909.9907836914062	177823.6875	83638.6953125	203494.75
70	258570536878080.0	1343.3756103515625	188719873130496.0	891.1260986328125	128195.875	93773.0390625	49697.21875
71	276122960920576.0	1373.0201416015625	180566599139328.0	878.1297607421875	151315.484375	130136.234375	155957.359375
72	275153237835776.0	1371.488037109375	195343719333888.0	901.4454956054688	146289.109375	21144.982421875	117567.46875
73	205733010341888.0	1244.7606201171875	136111800188928.0	799.1577758789062	93016.171875	76204.25	36124.296875
74	205864174616576.0	1245.0467529296875	120291640475648.0	766.9285278320312	170407.40625	53590.94921875	167685.65625
75	134628685905920.0	1080.70849609375	100501790130176.0	722.3425903320312	45604.31640625	189093.890625	83588.828125
76	236042040901632.0	1303.1275634765625	169093583863808.0	859.0979614257812	167184.09375	34647.0859375	159740.8125
77	230889556541440.0	1293.582763671875	159804978888704.0	843.1068115234375	69205.453125	106051.53125	61134.484375
78	260628933509120.0	1346.8365478515625	186276389060608.0	887.2866821289062	149220.609375	52815.15234375	157938.5
79	253893451710464.0	1335.1268310546875	199746681569280.0	908.1758422851562	170001.890625	68242.1328125	167608.625
80	193627108147200.0	1219.8837890625	150482953699328.0	826.3497924804688	56209.88671875	137137.875	53989.95703125
81	272367582445568.0	1366.7646484375	177646340145152.0	873.3651733398438	59779.36328125	29560.66015625	58102.0859375
82	135533791543296.0	1083.1033935546875	103951881994240.0	730.47705078125	70544.8046875	13913.201171875	109478.1796875
83	128114512363520.0	1062.9605712890625	59879028948992.0	607.8101806640625	33487.14453125	72937.1953125	202982.90625
84	158344471904256.0	1140.7332763671875	118043418034176.0	762.1359252929688	140374.140625	49210.92578125	157776.828125
85	123098057670656.0	1048.916015625	87168080936960.0	688.8475952148438	123138.6640625	35117.07421875	131929.125
86	192014666694656.0	1216.478271484375	108634520420352.0	741.3229370117188	186655.484375	107818.9375	193357.234375
87	78567408926720.0	903.099853515625	53285654364160.0	584.6356201171875	41641.734375	169464.578125	49379.91015625
88	223381030961152.0	1279.345458984375	166164885929984.0	854.13818359375	83951.3046875	76402.3046875	49372.859375
89	103673405374464.0	990.5506591796875	65244806250496.0	625.4390869140625	47248.421875	108135.046875	174744.84375
90	239398222299136.0	1309.2813720703125	164193495941120.0	850.7254028320312	50687.5390625	39578.015625	163646.359375
91	164138567335936.0	1154.4774169921875	125437539778560.0	777.7135620117188	157881.828125	113959.5	187582.265625
92	207364997251072.0	1248.074951171875	146268617703424.0	818.5955200195312	147173.921875	27765.345703125	111933.9140625
93	235066697449472.0	1301.3389892578125	172167840923648.0	864.286132812	182424.3125	61325.5234375	173782.34375
94	141371298021376.0	1098.4554443359375	88130933751808.0	691.3937377929688	35889.5859375	101786.328125	163610.9375
95	183994033373184.0	1199.293212890625	129987151659008.0	786.996337890625	60367.37109375	202000.96875	74988.546875
96	214734724923392.0	1262.6502685546875	140163019702272.0	807.0143432617188	23361.66796875	177172.859375	17812.03125
97	228157068148736.0	1288.486083984375	161663441436672.0	846.3645629882812	69683.171875	169043.625	197843.84375
98	228585860235264.0	1289.2333984375	132448679624704.0	791.9347534179688	150974.921875	173051.296875	69786.8203125
99	137743803875328.0	1088.9649658203125	99151970828288.0	719.0687255859375	151373.890625	61251.88671875	145374.8125
100	179395750789120.0	1189.22412109375	101989929189376.0	725.8701782226562	59953.62890625	130849.1953125	78068.078125
101	121944716345344.0	1045.6156005859375	68253661528064.0	634.9114990234375	70636.265625	144264.6875	107462.015625
102	98802778243072.0	974.775634765625	67182541144064.0	631.5703125	22880.146484375	20919.720703125	139477.46875
103	124328607744000.0	1052.410888671875	87849688891392.0	690.6417846679688	58436.62109375	31380.193359375	52549.15234375
104	157096716795904.0	1137.731689453125	101793618984960.0	725.407958984375	178228.96875	190479.796875	136313.390625
105	137608084586496.0	1088.6072998046875	99735222353920.0	720.4874267578125	192539.859375	143333.203125	182762.078125
106	201667337256960.0	1236.5362548828125	140216413192192.0	807.12158203125	63332.90234375	19554.75	123801.4921875
107	187167024349184.0	1206.1336669921875	121078433185792.0	768.583984375	146736.90625	88032.609375	8103.20703125
108	199525524307968.0	1232.1302490234375	137854189568000.0	802.5484008789062	166937.25	54950.9921875	64799.640625
109	188158054498304.0	1208.265380859375	129906218369024.0	786.8189697265625	198044.15625	146632.890625	171025.546875
110	164342309847040.0	1154.9666748046875	114738574917632.0	754.9189453125	41347.84765625	136140.671875	168850.4375
111	180591530082304.0	1191.8524169921875	123363397730304.0	773.4217529296875	32928.2734375	108266.4296875	138095.875
112	152773211455488.0	1127.192626953125	96551594622976.0	712.7413940429688	151313.125	157300.140625	166020.625
113	200451358195712.0	1234.070556640625	141270450176000.0	809.1348266601562	39849.81640625	154014.03125	75852.328125
114	179024269672448.0	1188.4071044921875	114051237543936.0	753.4142456054688	183947.046875	112769.3671875	12603.9267578125
115	127064946507776.0	1060.08251953125	88536950767616.0	692.4318237304688	96437.6171875	29103.99609375	14071.640625
116	198077717676032.0	1229.156005859375	136482543108096.0	799.9169311523438	190140.40625	188666.375	86763.875
117	221948206383104.0	1276.6707763671875	166128613588992.0	854.0473022460938	160855.046875	100953.359375	171860.109375
118	192892568076288.0	1218.350341796875	116917373239296.0	759.6903686523438	183033.46875	189465.859375	166553.390625
119	170198598418432.0	1168.5472412109375	127421059694592.0	781.7760009765625	100867.84375	114418.2578125	20959.734375
120	203439883681792.0	1240.1031494140625	154894925299712.0	834.37158203125	103281.3046875	6065.6748046875	31713.892578125
121	166784552402944.0	1160.662841796875	118022664617984.0	762.0864868164062	186459.390625	6970.02001953	1760.1639404296875
122	201308741042176.0	1235.8070068359375	146073934888960.0	818.1990966796875	85058.125	160069.6875	9552.49609375
124	178725417123840.0	1187.7158203125	115239525810176.0	756.0358276367188	61185.8984375	16435.78125	6926.16650390625
125	135592662794240.0	1083.25	91197431349248.0	699.303466796875	41624.375	77994.5625	160886.078125
126	188105843802112.0	1208.18408203125	109294024392704.0	742.7943725585938	129112.3671875	56686.7421875	5803.0068359375
127	201790498799616.0	1236.76318359375	147368347435008.0	820.6375122070312	87037.296875	154656.6875	61007.10546875
128	167641163497472.0	1162.6390380859375	128931705389056.0	784.877685546875	56142.46875	137164.015625	32963.68359375
129	112128929300480.0	1016.769287109375	72520094973952.0	647.8901977539062	184857.84375	106824.9765625	196653.859375
130	164261326225408.0	1154.7935791015625	115404731056128.0	756.3987426757812	137170.71875	56458.65234375	13407.05859375
131	185050360446976.0	1201.5927734375	118536861122560.0	763.1801147460938	136821.296875	44677.77734375	150840.734375
132	179053478805504.0	1188.441162109375	130362139213824.0	787.74755859375	4558.76318359	3464.7265625	143219.484375
133	198890708008960.0	1230.827880859375	146052476829696.0	818.163330078125	95018.03125	115087.8125	201071.5625
134	174660482236416.0	1178.66162109375	131248580198400.0	789.5354614257812	126721.328125	80859.0234375	8974.587890625
135	163210233643008.0	1152.330322265625	106812019834880.0	737.1311645507812	77714.8984375	39427.8125	15931.1396484375
136	127507051315200.0	1061.2764892578125	79142397673472.0	667.03515625	64677.12890625	13821.853515625	109548.515625
137	173721042026496.0	1176.5279541015625	108525149749248.0	741.059814453125	77081.0390625	46363.23046875	131915.453125
138	156064733462528.0	1135.268798828125	103269787500544.0	728.9013061523438	19592.9453125	196055.375	57408.9921875
139	146933045788672.0	1112.66162109375	89298653151232.0	694.4385986328125	125166.2734375	50621.8046875	26270.376953125
140	160620351586304.0	1146.2060546875	116790378102784.0	759.4067993164062	97611.8359375	16122.697265625	130224.0625
141	114362085801984.0	1023.4852294921875	43461046697984.0	546.22998046875	7148.95068359	2919.4807128906	151215.265625
142	146151143636992.0	1110.6693115234375	94568519303168.0	707.8349609375	84796.5859375	200685.578125	46271.55078125
143	90142035410944.0	945.4473876953125	55855672197120.0	593.88916015625	101175.4921875	46110.328125	127259.6328125
144	177805841137664.0	1185.675537109375	124291110666240.0	775.3335571289062	29118.400390625	17936.560546875	136300.34375
145	155587975315456.0	1134.0859375	111425024425984.0	747.58984375	79283.5625	179194.609375	55322.3125
146	167491024191488.0	1162.3470458984375	128217843236864.0	783.4257202148438	189255.578125	11962.22265625	108339.9921875
147	187930807107584.0	1207.7779541015625	139920630874112.0	806.5443725585938	127364.0078125	179067.65625	71874.953125
148	122913483128832.0	1048.3677978515625	85856454967296.0	685.3667602539062	135257.375	133112.171875	77186.4375
149	134479007973376.0	1080.279541015625	98129877663744.0	716.6080322265625	51149.93359375	63752.0625	203879.59375
151	177005769261056.0	1183.9127197265625	134799293415424.0	796.5931396484375	177980.71875	52959.64453125	54911.609375
152	163909508005888.0	1153.9912109375	106841992331264.0	737.1978149414062	90900.78125	22081.017578125	127644.4765625
153	140163564961792.0	1095.319091796875	91344391372800.0	699.6696166992188	160629.953125	188326.453125	153441.71875
154	187111844085760.0	1205.9847412109375	115448964186112.0	756.50439453125	186298.625	109865.1796875	200221.25
155	178474010542080.0	1187.20458984375	134396011085824.0	795.7796020507812	49525.46875	107135.1875	133139.4375
156	170201618317312.0	1168.5264892578125	138647852548096.0	804.1015014648438	100924.4375	147628.484375	136470.078125
157	111486940741632.0	1014.8366088867188	74490637713408.0	653.7094116210938	167827.09375	122848.5546875	159546.203125
158	176244922515456.0	1182.21923828125	119845853069312.0	765.9741821289062	187148.453125	135900.765625	191712.171875
159	169744321740800.0	1167.4796142578125	113599972376576.0	752.4205322265625	62119.7421875	180899.953125	54583.9765625
160	171195450261504.0	1170.839599609375	134872660180992.0	796.7371215820312	7232.49658203	201690.796875	3175.257080078125
161	170170278477824.0	1168.436279296875	118962624921600.0	764.0905151367188	123277.8046875	57171.58984375	26276.271484375
162	137401439617024.0	1088.075439453125	98084000366592.0	716.504150390625	182111.015625	40945.9296875	86075.078125
163	176176588914688.0	1182.017578125	115096013504512.0	755.70556640625	129259.3046875	147694.5625	138006.90625
164	162742719741952.0	1151.173828125	120397487931392.0	767.1412963867188	69979.1328125	143633.078125	134642.390625
165	82350293647360.0	917.3553466796875	54606239367168.0	589.4287719726562	103420.640625	8558.578125	115954.9765625
166	154801711087616.0	1132.1978759765625	109709000441856.0	743.7346801757812	125395.2578125	52845.2421875	23142.69921875
167	163859293798400.0	1153.809326171875	118682202144768.0	763.4804077148438	92443.296875	72217.4296875	32512.3203125
168	173127850000384.0	1175.2130126953125	132221155409920.0	791.5046997070312	171938.46875	27947.248046875	159454.984375
169	152895567691776.0	1127.5352783203125	102860809306112.0	727.952880859375	84309.046875	127382.390625	194504.140625
170	86061992640512.0	930.9360961914062	52339163529216.0	581.1338500976562	51408.15234375	189586.5625	68068.390625
171	183455803506688.0	1198.0885009765625	152271170043904.0	829.6151733398438	203274.609375	70272.9765625	87507.984375
172	112941214990336.0	1019.2184448242188	57308755263488.0	598.972412109375	180114.515625	82275.953125	7640.81396484375
173	74599580565504.0	887.6270751953125	37484943638528.0	519.943603515625	43961.421875	190370.75	4758.73486328125
174	128181143076864.0	1063.174072265625	79746335506432.0	668.7334594726562	202086.546875	194971.59375	103608.375
175	148736479068160.0	1117.2098388671875	101101835649024.0	723.7764282226562	89657.6796875	1746.0809326172	51102.3828125
176	137337300320256.0	1087.9007568359375	53709182599168.0	586.1564331054688	144366.09375	132181.03125	71561.4765625
177	92565445541888.0	953.8270263671875	64948419952640.0	624.5107421875	185020.53125	52361.6328125	55864.14453125
178	91614747820032.0	950.5693969726562	62056925495296.0	615.090576171875	85725.8125	133138.09375	180277.328125
179	150488372740096.0	1121.548583984375	102430188503040.0	726.9029541015625	79300.25	108029.9609375	89864.203125
180	142675005145088.0	1101.7987060546875	85320271921152.0	683.9487915039062	161335.890625	44667.09765625	79674.1640625
181	117365014528000.0	1032.35546875	73805582041088.0	651.6930541992188	48774.71875	130962.765625	111003.5625
182	156103639826432.0	1135.36083984375	112404788674560.0	749.7743530273438	113030.0625	145940.1875	73359.171875
183	182627713679360.0	1196.3116455078125	105311247532032.0	733.6731567382812	59295.609375	92875.8828125	103435.984375
184	107746024226816.0	1003.3673706054688	79804116238336.0	668.884033203125	197961.734375	51135.9140625	47694.15234375
185	136576881393664.0	1085.889404296875	67131072839680.0	631.4148559570312	96751.1953125	152923.453125	155357.109375
186	144609837580288.0	1106.7813720703125	95934125965312.0	711.2178344726562	158033.0	147462.3125	4074.271484375
187	118919146766336.0	1036.8955078125	74097505599488.0	652.5421752929688	51759.5546875	89894.8046875	127143.078125
188	164069612978176.0	1154.33154296875	113483295227904.0	752.1792602539062	78811.328125	194854.46875	123688.2578125
189	142160531816448.0	1100.4996337890625	106102519758848.0	735.49853515625	59295.078125	128704.1796875	71461.4765625
190	106295365468160.0	998.8255004882812	79908747345920.0	669.1608276367188	46570.69921875	108662.3125	183955.03125
191	156477503307776.0	1136.2099609375	111619740794880.0	748.0423583984375	148943.34375	132988.421875	60789.3359375
192	129208068079616.0	1066.000244140625	87568595025920.0	689.9089965820312	200121.15625	106692.359375	25316.5078125
193	98666782130176.0	974.3643798828125	73131372838912.0	649.712158203125	660.40570068	147612.0	153967.703125
194	118452362674176.0	1035.53564453125	81261511049216.0	672.9398803710938	98681.34375	81030.5390625	59110.5546875
195	148659874299904.0	1116.9971923828125	104809550053376.0	732.5001220703125	127559.78125	103861.6015625	83861.6171875
196	138183509540864.0	1090.0811767578125	87159465836544.0	688.8155517578125	134134.078125	26642.548828125	142659.09375
197	138800206446592.0	1091.766357421875	103545965641728.0	729.5648193359375	9570.19140625	172565.09375	83091.828125
198	133830543409152.0	1078.5673828125	87915388469248.0	690.8242797851562	22286.49609375	7717.306640625	200508.53125
199	122852950933504.0	1048.2047119140625	87185420189696.0	688.8944702148438	55977.578125	89408.8203125	10347.4794921875
200	117471507906560.0	1032.6883544921875	73850570145792.0	651.8238525390625	162877.875	50919.66015625	160444.96875
201	151025663082496.0	1122.8837890625	107943315898368.0	739.739990234375	148025.109375	65606.65625	78567.09375
202	158652518367232.0	1141.4630126953125	121382293733376.0	769.2560424804688	12116.705078125	95859.515625	193298.484375
203	165268915486720.0	1157.12744140625	106121637396480.0	735.5576782226562	118999.5625	36327.20703125	168512.46875
204	106813580115968.0	1000.442626953125	79602647040000.0	668.3067016601562	38302.1015625	84176.6640625	158186.90625
205	93913033474048.0	958.427734375	64360726659072.0	622.6024780273438	151377.6875	48790.9140625	153332.203125
206	115317153988608.0	1026.3243408203125	77106994216960.0	661.2554321289062	93810.140625	142280.640625	37114.078125
207	96327551680512.0	966.5988159179688	69888429260800.0	639.9457397460938	191686.84375	30434.98828125	42398.7265625
209	136998895484928.0	1087.01708984375	96292579573760.0	712.0928344726562	6359.7919921875	114417.53125	192920.578125
210	129193656451072.0	1065.9365234375	95263851020288.0	709.5520629882812	48930.375	88886.3046875	200686.65625
211	129321414950912.0	1066.3094482421875	90781381558272.0	698.24267578125	161826.890625	99515.5390625	36916.80078125
212	80945520574464.0	912.1251831054688	57564767191040.0	599.8919067382812	161499.015625	89814.7109375	186042.859375
213	116116789657600.0	1028.6953125	72134713933824.0	646.72021484375	69240.6015625	82575.7734375	122667.4921875
214	138947200024576.0	1092.124755859375	96117693874176.0	711.6716918945312	48168.7734375	184974.796875	66772.0625
215	116181465825280.0	1028.890625	69706992058368.0	639.3963623046875	6503.2265625	106030.8203125	17114.6328125
216	127733065580544.0	1061.876220703125	84373676228608.0	681.4240112304688	198728.296875	56876.78515625	107177.8203125
217	144810090430464.0	1107.2447509765625	106057749757952.0	735.4096069335938	115921.0	93695.6796875	89740.8046875
218	121661835706368.0	1044.8050537109375	71038540972032.0	643.4301147460938	169417.390625	53710.0546875	62751.62109375
220	128017598775296.0	1062.72314453125	89813151645696.0	695.74169921875	162712.203125	38109.0078125	184838.296875
221	122974577360896.0	1048.5535888671875	88205567197184.0	691.5801391601562	185251.4375	73195.2890625	174848.375
222	126042232586240.0	1057.20166015625	78453927837696.0	665.0956420898438	31529.79296875	92648.78125	8534.419921875
223	131011845292032.0	1070.9189453125	93111032217600.0	704.1755981445312	46921.50390625	21378.939453125	52368.7265625
224	122311776665600.0	1046.68212890625	84066787393536.0	680.6012573242188	100161.0	117437.59375	84095.2109375
225	128242103091200.0	1063.3497314453125	90352262316032.0	697.1458129882812	69672.921875	98949.3046875	157154.75
226	114129838800896.0	1022.811279296875	84503112450048.0	681.77783203125	937.101989746	200660.078125	200633.546875
227	121109320040448.0	1043.24462890625	80760660819968.0	671.5591430664062	72133.5078125	51989.1796875	43344.515625
228	104807805222912.0	994.1648559570312	75432997158912.0	656.4542846679688	146831.65625	60936.14453125	160673.0625
229	144828495036416.0	1107.330810546875	116020773650432.0	757.761474609375	157185.65625	128151.21875	13789.810546875
230	134836362674176.0	1081.2115478515625	83012666523648.0	677.721435546875	162942.28125	172769.375	39789.44140625
231	121593208504320.0	1044.641357421875	81413747507200.0	673.3575439453125	110080.75	27368.912109375	126616.0625
232	138538993582080.0	1091.07763671875	102018190409728.0	725.92626953125	37430.55859375	173546.890625	41364.89453125
233	146538932207616.0	1111.6585693359375	75807439454208.0	657.5369262695312	148205.484375	196527.640625	144425.640625
234	160051117424640.0	1144.8402099609375	131506085298176.0	790.0699462890625	15435.404296875	12820.9052734	128701.046875
235	124389475483648.0	1052.5963134765625	84269380665344.0	681.1270141601562	130183.75	175300.8125	72413.4375
236	111531140317184.0	1014.987548828125	77061578293248.0	661.1257934570312	12368.349609375	50141.83984375	83419.2421875
239	113186665660416.0	1019.9635009765625	82404240785408.0	676.05126953125	47848.94921875	50600.671875	148570.09375
240	70644460945408.0	871.672119140625	46604480413696.0	559.0916137695312	58317.0859375	13478.8984375	47452.7890625
241	116610618621952.0	1030.1646728515625	79331938271232.0	667.5438232421875	43541.421875	74768.203125	147094.15625
242	109316430364672.0	1008.2279663085938	72620347228160.0	648.1742553710938	51171.87890625	82008.3046875	35800.38671875
243	117173376778240.0	1031.8023681640625	70867321094144.0	642.9330444335938	140228.03125	48824.69921875	60642.12890625
244	124116803780608.0	1051.82666015625	70613758640128.0	642.1389770507812	119744.015625	35182.4921875	24377.921875
245	116268908675072.0	1029.152099609375	65060311400448.0	624.8433227539062	14300.419921875	175974.6875	116102.828125
247	131623660027904.0	1072.6300048828125	85559582130176.0	684.5991821289062	68785.9140625	12035.8720703	188147.375
248	105788097953792.0	997.2251586914062	74104426201088.0	652.5512084960938	59427.82421875	30588.203125	47762.52734375
249	113038212464640.0	1019.5116577148438	83230644502528.0	678.3192749023438	131892.359375	78334.765625	11086.0751953125
251	119521037778944.0	1038.6282958984375	82641864884224.0	676.7142333984375	114432.4609375	195277.171875	131327.140625
252	118042587561984.0	1034.3892822265625	80524756385792.0	670.8984985351562	183230.015625	31063.70703125	187635.53125
253	123567073132544.0	1050.2398681640625	91768703942656.0	700.7763671875	150113.90625	68647.40625	137688.6875
254	110979648061440.0	1013.3013916015625	72671584845824.0	648.3390502929688	97614.2578125	84686.890625	63568.67578125
255	107881324085248.0	1003.7684936523438	77119199641600.0	661.2893676757812	124027.6171875	79236.4453125	180007.203125
256	125519060271104.0	1055.7176513671875	91740174286848.0	700.6875	173618.6875	30661.70703125	154615.3125
257	121995635195904.0	1045.79443359375	65234534400000.0	625.4210815429688	204821.5	106180.75	195596.140625
258	114313599647744.0	1023.3741455078125	84148014284800.0	680.8029174804688	15856.35546875	7235.955566406	154586.359375
259	112847262580736.0	1018.9837646484375	78904043765760.0	666.3630981445312	115290.6796875	131397.375	179702.140625
260	66928957718528.0	856.0995483398438	43681209909248.0	547.1465454101562	153283.953125	30226.03515625	40314.8984375
261	103206847774720.0	989.0700073242188	67011702947840.0	631.0511474609375	183379.203125	114447.4765625	203038.953125
262	116867452633088.0	1030.884765625	87267972481024.0	689.133056640625	137931.09375	159215.84375	185441.984375
263	103605214380032.0	990.3507690429688	63373165199360.0	619.3933715820312	21738.171875	108490.0703125	137779.828125
265	116946104221696.0	1031.159912109375	84552588460032.0	681.90087890625	179707.984375	133204.84375	51946.06640625
266	86725086937088.0	933.3184814453125	57508664180736.0	599.6818237304688	174887.71875	110286.5	22983.927734375
267	101806864596992.0	984.5611572265625	67435537367040.0	632.3836669921875	186087.078125	109840.5859375	190187.734375
268	101358334115840.0	983.1111450195312	59680780976128.0	607.1502685546875	87985.7109375	202369.078125	47219.18359375
270	111056974249984.0	1013.5574340820312	57213502619648.0	598.6419067382812	142997.640625	25999.203125	123494.8203125
271	98774273753088.0	974.7090454101562	68161466531840.0	634.6368408203125	144355.21875	86444.0078125	8969.9501953125
272	126265109512192.0	1057.8536376953125	85014465216512.0	683.123291015625	42419.8984375	96329.7421875	47660.28125
274	104744823554048.0	993.9639892578125	64893394878464.0	624.326416015625	80611.7421875	118093.546875	80540.8203125
275	100861292314624.0	981.5030517578125	71548929048576.0	644.9891357421875	48244.3515625	96199.5625	36406.9765625
276	106887039156224.0	1000.7164306640625	69427831767040.0	638.5526123046875	138348.8125	39012.828125	116967.1171875
277	111711847710720.0	1015.5192260742188	78945282162688.0	666.4606323242188	70696.5234375	179683.015625	53879.3671875
278	120271566536704.0	1040.8353271484375	94769669734400.0	708.3236083984375	164808.53125	27429.416015625	39750.9609375
279	118847877152768.0	1036.725341796875	85336545820672.0	684.0032958984375	34273.671875	85607.5390625	147846.625
280	87607643996160.0	936.4839477539062	63754775560192.0	620.6676025390625	69393.375	158541.703125	204782.578125
281	95220330921984.0	962.8672485351562	57015552442368.0	597.964111328125	156805.859375	101595.2265625	180114.46875
282	80834186969088.0	911.6898193359375	58087130005504.0	601.6734619140625	161774.4375	40315.18359375	168735.15625
283	102168363270144.0	985.7421875	62083685154816.0	615.1724243164062	182562.734375	104674.2109375	198540.265625
284	109812230651904.0	1009.717529296875	78425591119872.0	665.0245971679688	99600.40625	151569.859375	126177.234375
285	131206410665984.0	1071.4774169921875	108362452697088.0	740.7057495117188	140351.203125	60184.50390625	69900.609375
286	113904629841920.0	1022.148193359375	81163876040704.0	672.6737670898438	69948.8671875	200454.921875	76555.03125
287	90832199745536.0	947.8538208007812	65828699504640.0	627.3200073242188	180399.515625	100577.4765625	194409.5625
288	106871897718784.0	1000.6173095703125	76174105509888.0	658.5968017578125	21988.955078125	172554.59375	120392.671875
291	91769182093312.0	951.0869750976562	58778921730048.0	604.0797729492188	9323.1220703125	194119.203125	45514.8359375
292	88006337757184.0	937.9114379882812	56032491470848.0	594.517822265625	101169.7421875	17612.81640625	29664.2578125
293	100814081228800.0	981.3742065429688	73130307485696.0	649.6882934570312	52569.23046875	61860.234375	11085.5634765625
295	115490999500800.0	1026.81005859375	77197121421312.0	661.5247192382812	58545.671875	10639.12207031	72317.0078125
298	100322039037952.0	979.7625122070312	74677686894592.0	654.2494506835938	53207.50390625	54134.35546875	204930.234375
299	108280252727296.0	1004.9801025390625	71462157287424.0	644.7193603515625	126910.1796875	79033.875	182938.234375
300	91905966735360.0	951.5715942382812	61248137854976.0	612.3999633789062	161693.265625	44797.81640625	159238.6875
302	125426609422336.0	1055.447509765625	83703468392448.0	679.6141967773438	139669.6875	164870.109375	177069.875
305	106751428919296.0	1000.2352905273438	73789668851712.0	651.6478881835938	181689.4375	185109.40625	165687.1875
306	108786647826432.0	1006.615966796875	78200390549504.0	664.3665771484375	196888.0625	14989.94042969	64508.2578125
307	100631763222528.0	980.7688598632812	71451168210944.0	644.6817016601562	51845.75390625	189628.0625	86815.1875
308	100990426546176.0	981.9176635742188	67811338616832.0	633.560546875	23184.65625	181097.125	125409.2890625
309	102281827581952.0	986.1348876953125	68944022994944.0	637.0578002929688	22076.412109375	118069.4609375	8247.857421875
312	90020350263296.0	944.9935302734375	56844521308160.0	597.3671264648438	17634.58984375	155358.40625	149500.484375
313	106644214120448.0	999.9373168945312	79165625729024.0	667.0827026367188	164361.3125	122138.9140625	40865.9296875
314	116380150005760.0	1029.49462890625	88776521023488.0	693.0570678710938	12602.5068359	46745.765625	91175.0625
315	87792570859520.0	937.157470703125	59237078138880.0	605.631103515625	67707.953125	107771.7890625	54027.9375
317	108471882088448.0	1005.6238403320312	81657252020224.0	674.0197143554688	28293.478515625	180606.515625	40661.0234375
319	95636196163584.0	964.2914428710938	68725914992640.0	636.3805541992188	127316.1875	73895.4453125	990.1947021484375
320	107388266872832.0	1002.22216796875	67754962976768.0	633.37890625	107164.6640625	100220.609375	136933.875
323	98153567092736.0	972.6297607421875	71422152015872.0	644.5870971679688	177945.296875	60002.1640625	117655.8671875
324	90568050868224.0	946.9369506835938	62922696949760.0	617.93115234375	27108.697265625	17516.8515625	138585.125
326	99792793370624.0	978.01708984375	70778200522752.0	642.662109375	20510.25390625	66117.5703125	183707.609375
327	99669908652032.0	977.6348266601562	73409841070080.0	650.5204467773438	54905.52734375	134664.34375	91844.6328125
328	86779596111872.0	933.5364990234375	61115094532096.0	611.9564819335938	96074.3515625	127838.359375	110122.046875
329	98934898819072.0	975.2621459960938	73394213093376.0	650.47021484375	110897.5078125	30617.416015625	155579.453125
332	99754541318144.0	977.9133911132812	71281777049600.0	644.1795654296875	143516.359375	137678.21875	33844.9765625
333	84277794439168.0	924.4859619140625	63498524557312.0	619.8211669921875	179509.171875	99323.140625	166202.3125
334	104113522081792.0	991.93408203125	74521574899712.0	653.7886962890625	109207.203125	49508.046875	179173.6875
336	101111641931776.0	982.35546875	76562674221056.0	659.699951171875	54722.078125	839.661071777	136942.515625
337	96431452979200.0	966.9561767578125	72326955663360.0	647.3139038085938	31032.6796875	58484.40234375	170814.5625
340	114998093283328.0	1025.3675537109375	84429443694592.0	681.5617065429688	192817.40625	197016.46875	49834.65234375
341	95518411718656.0	963.8580932617188	65114476642304.0	625.038330078125	58506.60546875	129686.421875	66340.75
343	105406022025216.0	996.0294189453125	70728388968448.0	642.5122680664062	133656.703125	159445.6875	124019.453125
344	93962635313152.0	958.6163330078125	60108419629056.0	608.59130859375	185731.890625	60649.05859375	105299.1015625
345	97338085343232.0	969.9388427734375	67360727760896.0	632.1279907226562	3242.626220703	6783.572265625	32749.83984375
348	104674971615232.0	993.714599609375	84032234717184.0	680.5015258789062	87603.0859375	75424.6953125	85381.1953125
353	86192754262016.0	931.419677734375	61270015344640.0	612.4694213867188	135024.015625	75981.046875	10508.0830078125
354	97267235160064.0	969.7398681640625	72397948452864.0	647.520751953125	104471.9140625	29489.60546875	55351.1796875
355	98771396460544.0	974.7056884765625	77357360611328.0	661.9736328125	29419.412109375	101651.03125	108450.4921875
356	95938353823744.0	965.305419921875	73517156532224.0	650.8220825195312	172668.0	45432.85546875	140468.4375
357	94136631820288.0	959.201171875	65240393842688.0	625.4364013671875	158209.375	32502.083984375	189346.546875
362	91775339331584.0	951.0958862304688	64249036537856.0	622.2445678710938	8593.0576171875	152022.84375	95978.6171875
363	90174650318848.0	945.5559692382812	64201972252672.0	622.0983276367188	84472.8671875	108424.796875	102052.1875
365	96600407932928.0	967.5161743164062	68806231719936.0	636.6385498046875	76485.125	27282.515625	128680.9609375
367	99850288889856.0	978.2550659179688	59697281368064.0	607.1968994140625	187973.84375	191295.09375	65028.56640625
368	88182574022656.0	938.5390014648438	61381164400640.0	612.8621826171875	132802.421875	7203.95458984	193790.3125
379	91157585461248.0	948.9403686523438	64603593637888.0	623.4055786132812	178288.671875	143546.796875	128137.8203125
380	99527394590720.0	977.1932373046875	74373272698880.0	653.3460083007812	73576.7109375	2024.375732422	22981.15625
383	92625600249856.0	954.05908203125	56030494982144.0	594.5040283203125	19233.509765625	82713.4453125	129680.8515625
388	88666680590336.0	940.2594604492188	65182084628480.0	625.2421875	79703.7578125	191715.546875	135904.296875
